; Dawn

DawnMat1=0.9053315013500948; 0.05676093751936634; 0.6387451737749543; 0; 0
DawnMat2=0.8125480000000002; 0.9032874776957638; -0.08233098693063515; 0; 0
DawnMat3=-0.5378795013500945; 0.21995158478486995; 0.623585813155681; 0; 0
DawnMat4=0; 0; 0; 1; 0
DawnMat5=-0.38; -0.38; -0.38; 0; 1
; For some of the foreground layers
DawnMat6=-0.3;-0.3;-0.3;0;1
DawnMat7=-0.15;-0.15;-0.15;0;1
DawnMat8=-0.1;-0.1;-0.1;0;1
